Country / Region;Disease;2024;2023;2022;2021;2020;2019;2018;2017;2016;2015;2014;2013;2012;2011;2010;2009;2008;2007;2006;2005;2004;2003;2002;2001;2000;1999;1998;1997;1996;1995;1994;1993;1992;1991;1990;1989;1988;1987;1986;1985;1984;1983;1982;1981;1980
Afghanistan;Pertussis;921;1,531;331;108;;;488;1;0;432;0;371;1,497;0;0;0;2,448;5,904;2,515;2,173;558;;1,439;;896;1,582;896;;;;;;;541;411;1,494;4,587;6,073;5,872;8,531;6,175;10,209;8,528;15,388;15,748
Albania;Pertussis;1;1;0;0;3;11;19;7;43;;;6;16;4;0;10;10;13;0;15;72;11;20;36;89;27;24;78;228;136;244;124;51;275;329;302;508;112;115;172;89;126;312;280;137
Algeria;Pertussis;209;12;0;;;;17;6;2;0;0;69;104;1;0;1;28;0;23;18;7;22;57;137;;4;10;30;9;;4;44;25;16;23;32;45;69;24;520;894;395;663;967;710
American Samoa;Pertussis;;;;;;;;;;;;;;0;;;0;0;;1;0;;;2;0;0;5;0;0;0;1;2;138;0;0;0;1;0;0;0;0;0;1;0;0
Andorra;Pertussis;27;14;0;0;0;1;2;0;6;22;1;6;3;4;0;0;0;;;;0;0;0;0;0;0;;0;;;;;;;;;;;;;;;;;
Angola;Pertussis;;;;;0;0;0;;0;0;0;0;1,259;1,554;2,539;1,127;1,148;921;1,328;0;1,675;2,654;0;740;560;;;;;;;1,458;;10,078;14,420;21,674;14,343;10,015;6,953;15,846;23,993;28,461;31,429;31,481;54,126
Anguilla;Pertussis;0;0;0;0;0;0;0;0;;;;;;;;;;;;;;0;0;0;0;0;0;0;0;0;0;0;0;0;0;0;0;0;0;0;0;0;0;0;0
Antigua and Barbuda;Pertussis;0;0;0;0;0;0;0;0;0;0;0;0;0;0;0;0;0;0;0;0;0;0;0;0;0;0;1,010;0;0;0;0;0;0;0;0;0;0;0;0;0;0;0;0;0;0
Argentina;Pertussis;;605;196;174;162;975;900;864;1,686;975;561;1,112;1,239;3,185;804;1,743;3,085;2,587;1,607;2,060;976;643;267;431;515;592;677;640;767;1,208;1,497;1,201;2,166;2,330;2,012;2,943;3,685;1,722;1,952;4,654;16,288;6,115;6,383;21,695;27,223
Armenia;Pertussis;121;50;1;6;12;39;160;77;15;27;85;30;8;1;4;11;3;1;2;6;7;3;3;1;10;13;19;5;2;12;329;98;124;327;469;;;;;;;;;;
Aruba;Pertussis;6;1;0;0;;0;1;1;;;;;;;;;;;;;;;;;;;;;;;;;;;;;;;;;;;;;
Australia;Pertussis;57,167;2,442;479;550;3,457;12,021;12,555;12,114;20,037;22,508;11,842;12,319;23,855;38,040;34,285;29,545;14,435;5,379;;11,277;8,676;4,968;5,563;9,538;5,795;4,403;6,055;10,242;4,389;4,099;5,633;3,990;739;337;862;614;153;291;601;587;261;332;274;170;124
Austria;Pertussis;15,468;2,790;164.0;129.0;632.0;2233.0;2202.0;1411.0;1291.0;579.0;370.0;580.0;571.0;288.0;414;183;183;133;72;130;130;170;150;253;117;103;113;117;94;91;145;89;138;182;234;190;113;260;177;301;176;181;433;264;186
Azerbaijan;Pertussis;0;3;0;0;0;0;0;0;0;0;0;4;18;27;15;5;5;12;60;2;2;1;3;12;11;22;43;52;15;34;104;417;89;150;63;;;;;;;;;;
Bahamas;Pertussis;0;0;1;0;0;0;0;0;0;0;0;0;0;0;0;0;0;0;0;0;0;0;0;0;0;0;0;0;0;0;0;0;3;0;0;0;0;0;0;0;1;8;8;8;15
Bahrain;Pertussis;17;0;0;0;0;5;1;1;1;0;0;0;3;0;0;1;0;0;0;;0;;0;0;0;0;0;0;0;0;0;0;0;0;0;0;2;20;1;7;15;33;22;76;106
Bangladesh;Pertussis;;0;0;0;1;12;3;0;1;11;12;1;13;44;17;16;33;87;46;125;140;332;587;16;252;520;814;673;1,293;1,289;1,984;4,190;10,242;14,605;4,879;83,057;19,803;34,423;31,978;23,897;10,326;24,002;52,237;17,000;12,436
Barbados;Pertussis;0;0;0;0;0;4;0;0;0;0;0;0;0;0;0;0;0;0;0;0;0;0;0;0;0;0;0;0;0;1;0;1;0;0;3;0;0;0;1;13;0;0;12;12;0
Belarus;Pertussis;2,002;881;28;13;449;776;648;516;522;503;378;188;576;151;112;93;125;156;76;80;80;79;70;86;169;272;262;455;202;227;835;755;638;381;462;;;;;;;;;;
Belgium;Pertussis;3,078;1,046;80.0;16.0;124.0;690.0;853.0;1030.0;1325.0;1118.0;1395.0;800.0;500.0;233.0;133;;260;293;196;231;96;59;27;28;;;;14;8;3;3;2;;0;;3;3;15;5;3;;;;;
Belize;Pertussis;0;0;0;0;0;0;2;1;4;0;3;6;44;0;0;0;2;0;0;0;0;0;0;0;0;0;1;0;0;0;3;0;0;4;3;1;0;0;8;36;3;1;0;59;11
Benin;Pertussis;1;1;0;0;0;;;;;0;0;0;0;0;53;;0;0;0;99;49;;;;215;45;;;119;1,055;;;;190;;455;665;2,148;1,138;2,646;2,158;1,937;2,705;4,039;2,694
Bermuda;Pertussis;2;1;1;0;8;2;2;2;;;;;;;;;;;;;0;;0;;2;0;0;3;0;0;1;0;0;0;0;1;0;2;4;0;0;0;15;0;0
Bhutan;Pertussis;4;0;0;;0;2;8;15;4;12;0;0;0;1;0;0;0;0;1;1;0;0;;0;18;466;0;0;0;5;0;0;9;8;3;225;219;90;160;213;224;392;795;534;464
Bolivia (Plurinational State of);Pertussis;55;827;223;0;12;29;21;7;27;11;75;31;0;0;0;0;0;0;6;1;6;46;132;55;10;16;44;138;14;36;45;245;284;56;159;705;685;520;439;964;1,393;1,445;1,387;5,028;2,377
Bonaire;Pertussis;2;;;;;;;;;;;;;;;;;;;;;;;;;;;;;;;;;;;;;;;;;;;;
Bosnia and Herzegovina;Pertussis;766;100;0;2;;;97;122;20;12;;;19;30;30;25;41;46;42;39;24;39;81;;43;71;109;;;141;257;82;169;245;287;;;;;;;;;;
Botswana;Pertussis;0;0;0;;;0;0;0;0;0;0;0;0;0;0;0;0;0;;0;;0;0;0;0;15;7;19;38;15;19;17;5;11;22;8;17;17;21;28;212;132;83;137;110
Brazil;Pertussis;7,438;210;246;143;229;1,423;2,232;1,804;1,208;2,920;8,338;5,211;5,400;2,257;477;1,037;1,275;596;797;1,328;1,146;1,110;406;657;764;1,369;1,704;101;1,245;3,798;4,098;5,388;5,155;7,252;15,329;13,810;8,869;16,898;23,946;22,119;19,221;26,297;54,766;42,247;45,752
British Virgin Islands;Pertussis;0;0;0;0;0;0;0;0;;;;;;;;;;;;;;0;;0;;0;0;0;0;0;0;0;0;0;0;0;0;0;0;0;0;0;0;0;0
Brunei Darussalam;Pertussis;2;0;0;0;0;2;0;0;0;5;1;;3;3;1;0;2;;;0;0;0;;0;2;7;3;0;;;;;0;;0;0;0;0;2;2;2;1;0;3;1
Bulgaria;Pertussis;2,721;20;21.0;3.0;27.0;72.0;114.0;116.0;98.0;35.0;52.0;89.0;102.0;46.0;54;251;193;269;335;313;222;180;82;81;106;123;40;44;40;77;22;74;82;13;26;15;14;54;53;40;226;66;169;391;154
Burkina Faso;Pertussis;1;1;5;177;0;153;9;0;16;0;7;3;0;6;13;68;171;44;54;170;420;171;212;238;351;340;;;62;419;233;243;485;1,314;713;1,428;1,402;3,378;3,333;5,078;2,824;3,586;5,219;3,144;3,888
Burundi;Pertussis;;;;;;;;;;;;;0;0;0;0;0;0;0;;0;;154;;72;351;94;;;273;155;95;218;352;529;895;1,114;1,979;4,152;4,516;5,564;5,775;6,092;9,352;9,613
Cabo Verde;Pertussis;0;0;0;0;;0;0;;;0;0;18;0;1;0;6;0;0;;0;;7;0;0;0;;47;0;;0;0;0;0;0;0;1;1;248;;7;4;7;182;159;290
Cambodia;Pertussis;24;9;1;0;7;20;22;20;9;10;3;0;54;;372;513;1,212;561;474;462;66;315;320;4,714;2,068;618;438;1,665;;;63;611;995;821;1,690;4,220;3,902;5,672;11,568;25,023;27,424;23,699;74,127;55,227;86,334
Cameroon;Pertussis;;;;;;;;;;;;;;;;;;;;;;;;;;;;0;;4;;1,103;1,900;5,911;5,498;5,073;5,659;6,246;10,861;11,126;10,079;14,042;;;
Canada;Pertussis;21,789;1,433;208;32;955;2,544;1,679;3,998;3,896;3,510;1,527;1,261;4,845;676;759;1,667;1,961;1,472;1,945;2,231;2,697;1,863;2,557;2,678;4,054;6,069;8,796;4,439;5,408;9,818;10,151;7,401;3,605;2,724;8,030;2,440;1,106;1,292;2,357;2,376;1,350;2,231;2,314;2,632;2,873
Cayman Islands;Pertussis;0;0;0;0;0;;0;0;;;;;;;;;;;;;;0;0;0;0;7;0;1;0;0;0;0;0;0;0;0;0;0;0;0;4;6;0;0;0
Central African Republic;Pertussis;;193;15;410;656;924;612;497;353;379;241;124;124;100;1;63;;2;65;87;561;80;10;1,358;;0;16;11;;6;;;;;46;746;802;826;1,071;2,443;1,566;452;931;1,384;4,340
Chad;Pertussis;;;;;;;;;;;;;;;;;;;;;;;;;;;5,898;5,498;5,004;5,745;;;;;;;;;2,303;1,496;2,532;2,288;273;;
Chile;Pertussis;87;424;0;29;62;350;682;849;752;734;1,125;1,964;5,762;2,582;794;692;969;1,030;1,288;1,213;1,059;1,106;1,171;1,611;3,554;3,178;2,482;1,457;1,094;424;208;600;264;61;59;202;224;46;38;610;1,980;127;393;2,043;2,795
China;Pertussis;476,690;41,124;38,295;9,611;4,475;30,027;22,057;10,390;5,584;6,658;3,408;1,712;2,183;2,517;1,764;1,612;2,387;;2,595;3,844;4,705;858;6,293;6,407;5,561;5,974;7,134;8,678;;5,482;7,199;9,190;11,182;10,679;20,015;26,985;32,937;59,543;83,979;147,298;215,965;331,419;422,280;510,601;613,648
China, Hong Kong SAR;Pertussis;38;15;3;2;22;96;110;69;31;50;30;20;20;23;5;16;25;31;;;;5;;15;11;5;3;12;9;8;4;5;5;0;8;4;8;0;1;21;18;0;1;2;12
China, Macao SAR;Pertussis;7;1;0;0;1;3;5;1;1;1;0;0;0;0;;0;2;0;;0;0;0;;0;0;0;0;0;;0;0;0;0;0;0;0;1;0;0;3;0;0;4;0;0
Colombia;Pertussis;87;54;111;75;68;347;416;330;536;986;734;13,682;3,289;1,010;344;407;408;125;233;139;25;140;322;577;446;332;311;425;111;1,144;1,609;1,271;872;1,336;1,961;2,384;1,864;3,272;2,055;1,629;3,211;5,450;7,220;4,990;7,664
Comoros;Pertussis;0;0;;0;0;0;;;;0;0;0;;;0;0;;0;0;0;0;0;0;;;0;0;0;3;;;;;0;0;;;;;;;;;;
Congo;Pertussis;;1;;8;34;0;0;0;0;;21;137;12;0;0;0;0;55;108;;;0;38;31;0;17;;8;48;144;;;;93;52;47;61;47;667;772;1,981;1,181;1,212;1,857;11,198
Cook Islands;Pertussis;;;;;;0;0;;;;;;0;0;0;0;0;0;0;0;0;0;0;0;0;0;0;0;0;0;0;0;0;0;0;0;0;0;0;0;0;0;0;8;0
Costa Rica;Pertussis;155;22;5;2;10;51;36;58;23;20;31;58;130;79;71;664;2,024;2,024;1,037;7;13;27;32;51;23;11;29;33;20;21;20;28;29;19;75;85;95;52;153;133;172;74;63;168;960
Croatia;Pertussis;1,857;4,806;0.0;7.0;10.0;57.0;129.0;78.0;122.0;49.0;131.0;109.0;0.0;0.0;42;101;102;123;80;124;197;94;176;130;196;333;445;567;694;252;310;666;313;392;304;;;;;;;;;;
Cuba;Pertussis;0;0;0;0;0;0;0;0;0;0;0;;0;0;0;0;0;0;0;0;0;0;0;0;0;0;0;0;0;0;2;11;1;23;70;70;32;103;342;195;86;275;915;379;131
Curaçao;Pertussis;;;;;;1;;3;;;;;;;;;;;;;;;;;;;;;;;;;;;;;;;;;;;;;
Cyprus;Pertussis;34;2;0.0;2.0;8.0;2.0;0.0;17.0;2.0;3.0;7.0;9.0;16.0;2.0;0;8;3;9;8;6;15;58;1;;6;12;5;12;20;15;17;0;1;6;4;0;0;0;11;0;0;23;1;3;0
Czechia;Pertussis;37,375;494;96.0;51.0;696.0;1347.0;752.0;667.0;627.0;585.0;2521.0;1233.0;737.0;324.0;662;956;767;186;234;412;373;342;329;124;187;97;25;114;121;22;75;72;9;33;48;;;;;;;;;;
Côte d'Ivoire;Pertussis;1,168;927;;10;0;174;4;1;;;;;;;;;;;;;;0;0;0;;;;1,284;1,559;1,865;;;1,851;;3,052;4,284;3,622;4,626;8,213;;;;;;
Democratic People's Republic of Korea;Pertussis;;;0;;;;0;0;0;0;0;0;8;13;0;8;395;1,250;409;493;1,930;1,084;1,087;87;304;50;32;60;98;130;150;;47;49;58;274;363;494;952;1,607;1,767;1,919;563;110;0
Democratic Republic of the Congo;Pertussis;935;600;2,752;1,494;1,027;1,290;1,326;1,602;0;0;0;;3,407;2,452;2,157;830;3,190;3,799;3,558;4,564;7,104;2,534;;6,300;75;150;44;;;;;;;;;492;1,447;1,473;1,209;1,590;635;5,926;7,265;13,731;15,335
Denmark;Pertussis;3,890;6,059;54.0;80.0;2390.0;3691.0;1023.0;1068.0;2096.0;945.0;762.0;484.0;980.0;373.0;77;83;105;81;55;129;228;114;323;200;164;;;198;89;82;39;242;495;821;569;928;959;2,902;1,139;1,882;3,368;1,883;1,327;4,364;4,970
Djibouti;Pertussis;0;0;0;0;;;;;;;;;;;0;0;0;3;;;0;10;2;34;48;;;;0;0;;0;1;0;25;27;15;5;;85;385;32;23;214;
Dominica;Pertussis;0;0;0;0;0;0;0;0;0;0;0;0;0;0;0;0;0;0;0;0;0;0;0;0;0;0;0;0;0;0;0;0;0;0;0;0;0;0;0;0;1;11;7;0;1
Dominican Republic;Pertussis;23;16;5;8;8;123;147;41;26;69;98;17;11;3;37;18;11;10;17;63;53;23;10;19;40;21;20;2;2;0;4;5;71;33;227;255;104;149;217;172;177;302;216;212;558
Ecuador;Pertussis;173;185;57;0;8;57;30;60;16;7;9;35;54;3;0;41;125;84;23;;0;127;355;308;482;204;248;235;163;176;562;362;320;601;487;247;197;312;907;741;420;802;1,165;803;836
Egypt;Pertussis;3;0;0;0;0;0;0;0;0;0;0;0;0;0;0;0;0;0;0;0;0;0;0;1;3;5;2;0;1;1;0;3;19;4;1;9;22;14;9;18;41;23;37;29;49
El Salvador;Pertussis;0;0;0;1;0;3;11;17;13;0;0;7;37;7;2;2;5;2;5;5;1;8;6;6;3;3;4;2;3;4;12;24;33;0;0;0;46;162;561;464;505;497;1,754;3,911;1,003
Equatorial Guinea;Pertussis;;;;;;;;;0;0;0;0;0;0;;;;;;;;;0;0;;;;0;4;;;;;;67;166;356;247;15;4;288;;;;
Eritrea;Pertussis;0;0;0;0;0;0;0;156;81;31;;0;208;91;11;0;30;;65;46;6;53;149;130;152;132;119;;45;125;;;;;;;;;;;;;;;
Estonia;Pertussis;250;30;8.0;13.0;44.0;135.0;69.0;56.0;74.0;77.0;43.0;55.0;149.0;478.0;1,295;629;485;409;153;63;455;489;215;319;503;235;344;336;46;50;161;279;200;222;87;;;;;;;;;;
Eswatini;Pertussis;0;;0;0;0;0;0;0;0;0;0;0;0;0;6;0;0;0;1;0;0;0;0;0;0;0;0;13;11;4;31;38;34;72;20;27;97;294;756;673;533;1,294;808;;
Ethiopia;Pertussis;1,792;1,613;6;;;;2,423;;;;;;;;;;;;;;;;;;;733;749;;264;626;;;3,813;;922;1,183;13,621;7,198;4,921;5,148;12,548;10,993;10,823;9,885;23,429
Fiji;Pertussis;;2;0;;;;0;;;;;;;;0;0;0;0;0;0;3;0;0;10;;;;0;0;0;0;0;1;;1;6;4;9;0;2;5;5;15;8;13
Finland;Pertussis;2,814;120;35.0;33.0;290.0;557.0;477.0;401.0;432.0;165.0;206.0;192.0;541.0;555.0;336;267;511;480;535;552;1,631;1,263;581;315;;;832;606;586;518;1,291;364;247;682;707;297;187;498;239;308;245;740;379;116;187
France;Pertussis;464;39;45.0;0.0;34.0;36.0;140.0;0.0;60.0;0.0;83.0;166.0;196.0;92.0;;;;;246;;;;;;;;;;469;;;;;;;;;;;83;57;112;137;66;100
French Polynesia;Pertussis;524;0;0;0;3;;37;;;;;0;0;0;12;30;0;6;;;;;;1;;2;2;69;0;2;1;11;31;21;13;12;18;3;7;6;0;8;8;6;7
Gabon;Pertussis;;;;;;;;;;;;;;;;;;;;;;;0;588;;;;;98;;;128;406;;;318;528;363;1,061;1,721;1,319;1,334;480;357;3,065
Gambia;Pertussis;0;0;0;0;;2;;0;0;0;0;0;0;0;0;0;0;0;0;0;0;0;0;0;0;5;;0;;;;;;;;;;;;56;;;;118;157
Georgia;Pertussis;1,639;117;40;19;87;290;558;280;120;176;94;115;346;33;49;130;129;63;135;165;207;98;147;82;84;233;334;118;114;97;308;272;148;335;;;;;;;;;;;
Germany;Pertussis;24,772;2,318;1191.0;776.0;3212.0;9485.0;12494.0;15957.0;13437.0;9000.0;12339.0;0.0;0.0;0.0;;;;;;;;;;;;;;;;;;;;;;94;244;60;76;306;187;207;217;209;258
Ghana;Pertussis;0;0;0;48;57;56;8;0;123;21;0;0;;;63;;4;487;35;;;105;326;523;636;749;819;;1,141;1,147;1,689;2,360;2,672;1,602;2,651;3,744;2,694;5,079;2,514;8,704;5,255;6,279;10,384;13,509;13,216
Greece;Pertussis;440;9;1.0;0.0;8.0;20.0;18.0;40.0;87.0;17.0;15.0;40.0;56.0;3.0;64;27;22;29;;24;23;;16;93;13;36;86;106;96;196;264;234;480;649;752;648;883;2,784;1,728;1,020;1,504;5,470;2,082;1,351;3,083
Grenada;Pertussis;0;0;0;0;0;0;0;0;0;0;0;0;0;0;0;0;0;0;0;0;0;0;0;0;1;4;0;0;0;0;1;2;2;0;0;0;2;1;9;0;0;0;0;0;0
Guam;Pertussis;5;0;;;;10;0;0;;31;;1;1;168;0;0;0;0;;1;0;1;;1;4;3;4;13;0;2;2;0;0;0;0;1;0;0;0;0;0;0;0;0;0
Guatemala;Pertussis;9;0;0;0;13;60;67;62;152;83;25;34;273;0;0;0;60;97;48;0;391;350;50;229;146;291;441;567;65;34;29;34;156;149;130;145;625;53;509;1,507;1,970;1,280;1,539;1,211;1,513
Guinea;Pertussis;175;;7;0;;;;0;0;;;0;;;0;25;0;0;38;15;52;108;81;267;247;176;160;515;180;;;;;;412;314;317;1,759;647;625;1,328;1,963;4,589;4,141;2,315
Guinea-Bissau;Pertussis;0;0;0;;0;8;0;0;0;0;0;0;0;0;0;0;0;0;15;;2;16;4;41;;20;;24;26;;;;;1,786;1,512;151;1,286;1,649;1,206;743;464;896;1,968;1,323;1,250
Guyana;Pertussis;0;0;0;;0;0;0;0;0;0;0;0;0;0;0;0;0;3;0;0;0;0;212;0;0;0;0;0;44;0;0;0;0;0;1;0;0;0;4;1;0;0;23;99;61
Haiti;Pertussis;0;4;0;0;0;0;9;0;;4;2;0;0;0;13;4;696;824;;496;44;5;2;30;14;24;;0;;0;;;;;913;1,835;637;1,299;469;1,373;749;524;1,559;730;812
Honduras;Pertussis;16;2;0;8;11;78;74;266;151;30;41;25;48;113;135;127;224;71;138;134;104;93;69;37;169;145;59;191;200;0;3;15;425;89;65;52;143;519;331;335;630;550;1,151;1,812;2,503
Hungary;Pertussis;632;2;2.0;0.0;13.0;7.0;23.0;15.0;5.0;5.0;20.0;20.0;5.0;9.0;25;33;33;48;17;22;31;29;6;1;1;1;0;0;5;3;2;3;2;5;12;3;18;18;12;21;24;9;22;27;22
Iceland;Pertussis;164;0;0.0;0.0;0.0;6.0;15.0;20.0;15.0;118.0;73.0;174.0;458.0;229.0;0;0;2;4;3;6;1;3;;3;8;;;47;100;27;41;4;4;137;3;19;53;162;35;16;59;535;258;26;41
India;Pertussis;2,395;4,949;4,362;593;12,566;11,875;13,208;23,766;37,274;25,206;46,706;31,089;44,154;39,091;40,508;60,385;43,697;46,674;30,088;31,122;32,786;33,954;33,289;34,703;31,431;11,264;31,199;21,371;;4,073;38,591;47,612;63,308;73,520;112,416;145,215;143,598;163,787;167,234;184,368;189,287;211,283;277,859;359,288;320,109
Indonesia;Pertussis;2,466;2,163;414;;36;27;40;1,043;826;;2,082;2,976;;1,941;;973;;;3,356;8,897;1,547;4,364;2,113;1,025;142;287;;6,934;9,041;8,772;12,292;13,130;15,177;16,112;30,014;41,831;26,670;16;121;1,045;1,257;626;9,507;24,764;32,999
Iran (Islamic Republic of);Pertussis;216;43;59;6;41;242;335;14;116;145;115;1,415;1,329;650;464;590;605;267;89;125;98;81;21;112;94;24;20;50;80;45;15;34;350;628;1,230;2,699;3,327;6,123;7,829;11,519;13,178;15,055;29,956;22,521;20,395
Iraq;Pertussis;2,044;723;79;28;80;17;978;1,458;1,014;529;1,606;2,471;2,314;2,019;2,034;5,471;2,311;3,140;3,128;1,050;78,249;;;2,922;407;466;1,366;578;1,247;483;534;767;1,601;2,309;122;368;200;316;798;2,768;8,518;4,001;2,584;3,477;16,687
Ireland;Pertussis;713;18;7.0;5.0;66.0;164.0;118.0;263.0;213.0;503.0;670.0;523.0;489.0;516.0;107;80;102;78;62;84;90;40;131;142;;179;252;459;261;436;353;869;860;843;803;2,217;1,170;1,717;1,482;3,689;3,061;1,728;1,073;997;547
Israel;Pertussis;;;37;34;517;2,121;706;467;1,143;5,338;1,509;1,394;2,730;2,345;1,244;1,182;2,169;2,635;1,495;357;1,653;970;550;570;452;336;83;88;126;57;52;138;99;35;155;260;11;96;73;24;7;78;62;25;19
Italy;Pertussis;4,634;114;62.0;5.0;189.0;755.0;962.0;964.0;965.0;210.0;81.0;201.0;257.0;10.0;187;315;174;474;545;403;763;840;1,953;;2,543;3,797;3,632;3,364;3,895;14,359;13,360;4,246;7,055;19,356;16,992;6,524;9,535;30,325;17,154;15,678;12,493;25,759;16,377;7,165;16,643
Jamaica;Pertussis;0;0;0;0;0;0;0;0;0;0;0;2;2;1;0;0;0;0;1;8;5;5;2;7;23;12;1;4;22;7;5;0;0;16;3;0;7;20;16;5;27;65;354;18;13
Japan;Pertussis;4,095;;;752;2,947;16,845;12,103;1,661;3,011;2,675;2,066;1,663;4,087;4,395;5,406;5,208;6,753;;1,504;;1,534;1,534;11,740;3,804;3,787;;42;;183;;;131;;821;583;229;499;909;1,037;938;1,114;2,459;2,532;3,368;5,033
Jordan;Pertussis;9;5;5;;2;10;4;7;8;0;5;3;4;0;0;6;0;1;1;1;4;3;2;3;5;1;3;4;6;4;2;10;16;2;4;12;38;13;36;35;101;85;106;55;437
Kazakhstan;Pertussis;3,110;421;3;1;54;147;97;44;32;74;23;14;43;66;35;39;45;69;120;222;57;12;30;71;87;56;66;268;249;504;685;665;1,117;562;395;;;;;;;;;;
Kenya;Pertussis;2;;;29;;;6;;3;;;;;;;;;;;;;0;300;285;424;180;290;63;;58;;;;136,907;7,404;9,035;422;11,991;30,590;17,949;46,187;66,617;78,497;49,903;13,281
Kiribati;Pertussis;0;3;0;;;0;0;0;;;0;0;0;0;0;0;0;0;;0;0;;0;0;0;11;202;466;335;68;169;13;63;143;830;0;0;22;104;188;1;0;19;101;161
Kosovo (in accordance with UN Security Council resolution 1244 (1999));Pertussis;209;2;0;;;;;;;;;;;;;;;;;;;;;;;;;;;;;;;;;;;;;;;;;;
Kuwait;Pertussis;129;14;14;6;;;;;;35;28;30;83;16;41;;;;;110;67;;;;43;7;20;137;10;46;5;28;78;1;25;11;163;114;42;22;14;354;96;60;69
Kyrgyzstan;Pertussis;3,344;1,945;66;6;0;436;610;161;195;;;90;62;77;109;224;45;71;56;91;9;9;32;136;34;107;131;99;160;106;155;299;371;190;237;;;;;;;;;;
Lao People's Democratic Republic;Pertussis;175;66;0;0;;359;289;111;9;140;;60;412;38;6;12;26;13;182;120;199;200;;111;80;133;49;90;264;106;900;104;233;2,227;856;271;2,523;980;286;2,881;1,813;652;396;;2,718
Latvia;Pertussis;4,260;111;46.0;9.0;340.0;719.0;159.0;94.0;256.0;60.0;143.0;65.0;154.0;30.0;9;9;14;27;29;25;39;99;159;160;135;55;149;152;39;58;137;115;106;208;129;;;;;;;;;;
Lebanon;Pertussis;56;101;;;;78;64;90;97;53;0;58;53;7;19;65;50;45;46;43;21;28;51;7;1;19;8;14;8;4;1;14;6;;;;;;;;;296;;;
Lesotho;Pertussis;;;;;0;0;0;0;0;0;0;0;0;0;0;0;0;0;0;;0;;0;0;;0;;;;;;;;;34;49;48;36;287;186;565;632;554;416;2,020
Liberia;Pertussis;;;0;0;;82;;191;;0;0;0;0;0;;0;;;;0;0;;379;131;281;394;1,114;;104;;;432;;;;7;4,561;5;15;32;8;15;48;389;62
Libya;Pertussis;770;771;422;;;501;910;;;;;;197;;;16;22;94;118;41;27;;21;10;;;18;2;;;14;15;81;108;43;53;15;77;157;158;39;30;87;220;25
Lithuania;Pertussis;898;7;2.0;0.0;68.0;26.0;27.0;21.0;36.0;0.0;1.0;3.0;3.0;20.0;19;233;51;17;6;64;48;5;23;162;91;80;96;150;57;104;232;254;301;350;;;;;;;;;;;
Luxembourg;Pertussis;1,281;18;3.0;3.0;3.0;10.0;9.0;18.0;7.0;6178.0;8067.0;2982.0;12853.0;5447.0;0;1;2;0;0;;3;10;;;0;;;0;1;1;0;4;1;2;3;22;2;0;6;17;6;20;21;16;46
Madagascar;Pertussis;113;123;377;114;0;229;180;0;321;413;;19;33;369;0;255;;0;0;;2,974;8,021;2,428;104;3,880;3,244;1,168;807;1,263;1,565;;;;;1,333;1,689;2,426;4,436;5,449;12,515;9,958;20,891;43,365;31,592;32,457
Malawi;Pertussis;;;;;0;0;0;0;0;0;0;0;;;0;0;0;0;0;0;0;0;0;0;365;;0;;0;0;0;0;;30;;;;35,938;24,902;25,712;14,374;19,211;26,921;18,627;29,769
Malaysia;Pertussis;479;1,203;101;11;136;915;892;353;298;939;500;222;217;248;41;5;11;15;6;8;40;28;6;26;42;17;6;3;7;8;12;15;25;20;24;25;27;121;68;150;57;86;126;106;97
Maldives;Pertussis;17;0;0;0;;0;1;0;0;0;0;0;0;0;0;0;0;0;0;0;;;;0;;;0;0;0;0;0;0;0;0;0;0;0;0;0;2;0;0;0;0;7
Mali;Pertussis;0;0;0;14;0;0;0;;;;0;;;;;;41;;0;33;33;;8;15;0;19;;;158;162;;;;230;430;1,047;1,919;2,655;4,864;4,165;1,738;2,234;3,003;4,415;2,811
Malta;Pertussis;43;3;0.0;0.0;10.0;15.0;6.0;8.0;0.0;4956.0;2100.0;2182.0;4684.0;1669.0;2;0;1;0;2;7;6;7;4;1;3;60;4;12;10;59;36;1;2;251;106;3;9;7;210;140;4;15;144;68;2
Marshall Islands;Pertussis;0;0;0;0;;;;;;;;;0;0;0;2;;1;0;0;;0;0;0;0;0;0;0;0;;0;7;2;0;3;0;0;0;0;0;449;0;0;0;0
Mauritania;Pertussis;0;;0;0;0;0;0;;0;0;;;30;;;;0;0;;87;;;;;;;;;;;;;;1,047;383;5,032;761;737;2,223;5,958;8,130;3,797;2,327;9,479;7,576
Mauritius;Pertussis;0;;0;;;;;0;;;1;0;0;0;1;1;0;1;0;0;0;0;;0;0;0;;;0;;;;;0;12;0;0;0;0;0;0;3;0;0;0
Mexico;Pertussis;645;188;69;22;251;874;783;827;1,029;1,107;955;961;978;252;371;559;162;164;171;349;137;72;214;218;53;51;188;593;32;15;599;149;136;163;1,078;1,978;693;763;1,268;2,608;1,753;1,227;2,000;3,977;5,539
Micronesia (Federated States of);Pertussis;3;;18;;0;0;0;0;0;0;0;;;;;0;;47;0;0;0;;;0;9;49;15;0;;0;0;17;0;0;0;0;;180;;;;;;;
Monaco;Pertussis;;;;0;;;2;0;;;;;;;;;;;;;;5;;;;;;;;;;;;;0;0;0;0;0;0;0;0;0;0;
Mongolia;Pertussis;0;0;;;;0;0;0;0;0;0;0;0;0;0;0;0;0;0;0;0;0;2;0;0;2;4;1;1;4;5;28;0;1;3;0;0;0;5;0;3;19;3;1;22
Montenegro;Pertussis;591;419;0;1;3;5;57;19;8;;;0;2;8;1;1;5;0;0;;;;;;;;;;;;;;;;;;;;;;;;;;
Montserrat;Pertussis;0;0;0;0;;0;0;0;;;;;;;;;;;;;;;;0;0;0;0;0;0;0;0;0;0;0;0;0;0;0;0;0;0;0;0;0;0
Morocco;Pertussis;;;;;;;73;;;;;72;172;35;15;73;74;28;27;;47;32;27;74;22;20;58;46;50;37;132;73;43;133;83;62;113;1,078;1,163;1,762;5,101;8,142;12,330;7,359;14,873
Mozambique;Pertussis;;;;;;0;;0;;0;;;;;0;;0;;;12;12;13;11;599;94;82;57;345;252;;211;964;564;240;451;726;459;633;741;1,201;;;;;
Myanmar;Pertussis;28;50;;;13;30;28;4;2;5;5;14;2;5;0;3;5;13;13;11;100;19;61;;55;34;46;120;331;871;551;1,592;1,486;2,455;7,882;3,819;2,547;5,757;9,783;10,238;11,747;22,215;41,765;31,424;26,878
Namibia;Pertussis;4;2;7;6;0;1;5;0;0;0;0;0;2;16;0;0;15;0;;8;7;22;10;45;30;17;163;221;82;;;;4,853;;;;;;;;;;;;
Nauru;Pertussis;;;;;;0;0;;;;;;;0;0;0;0;0;0;0;0;;0;0;0;0;;0;;0;;;;;166;0;0;0;0;;0;0;0;4;0
Nepal;Pertussis;2,677;4,206;4,828;;0;0;4,153;9,092;4,890;4,416;6,096;3,431;1,595;1,733;2,293;2,357;2,297;879;1,092;2,170;3,708;4,479;4,683;5,908;6,021;;14,339;12,443;11,683;12,166;5;2;8;15;18;18;13;32;25;102;160;2,004;1,788;10;1,055
Netherlands (Kingdom of the);Pertussis;18,180;2,827;129;74;943;6,079;4,710;4,505;3,542;6,566;8,960;2,858;13,552;6,726;2,912;6,202;8,661;7,325;4,298;6,535;9,113;;5,880;;4,836;6,279;2,252;3,947;2,778;319;536;294;169;164;471;434;127;2,709;2,159;1,522;534;200;80;50;30
New Caledonia;Pertussis;171;0;0;;;;14;26;2;0;47;6;6;2;3;1;0;1;;69;;0;;0;3;;1;5;;;;6;2;1;1;9;0;0;11;5;9;0;0;5;48
New Zealand;Pertussis;1,748;;18;43;171;1,206;2,952;2,143;1,096;1,168;1,099;3,396;5,598;1,992;462;656;;331;1,122;2,720;3,489;589;1,068;4,143;4,143;1,046;153;284;;10;35;48;80;221;91;;;;;;0;0;0;;0
Nicaragua;Pertussis;1;0;0;0;0;8;53;74;90;36;0;0;68;87;24;11;25;51;148;0;0;0;0;0;11;27;6;84;14;8;5;47;333;0;0;0;63;257;458;150;60;68;394;1,935;2,469
Niger;Pertussis;206;1,190;670;0;385;583;517;283;482;0;0;884;0;983;30;1,354;1,199;3,204;1,985;1,206;2,159;2,109;2,613;2,709;5,585;2,446;2,619;3,190;;2,967;;;;671;3,102;4,284;3,622;4,626;8,213;5,261;6,276;7,175;3,920;5,735;8,320
Nigeria;Pertussis;;;;;;;7,897;4,244;;6,592;9,559;8,530;11,628;0;;11,281;13,240;12,573;10,997;15,609;10,976;;11,894;34,517;38,910;;25,057;;24,766;;22,275;23,800;22,164;18,685;42,929;33,555;34,920;51,316;42,193;92,266;62,751;70,024;77,830;56,913;48,996
Niue;Pertussis;0;0;0;;;0;;;;;;0;0;0;0;0;0;0;;0;0;0;0;0;0;0;0;0;0;0;0;0;0;0;;0;0;0;0;0;0;0;0;0;0
North Macedonia;Pertussis;1,174;4;0;0;2;4;32;13;4;0;0;1;9;6;2;7;0;0;7;7;1;16;4;5;21;10;;32;20;27;53;38;46;84;;;;;;;;;;;
Northern Mariana Islands;Pertussis;0;0;;;;0;0;;;;;0;;0;0;0;0;;;0;0;0;;;0;0;;0;;1;0;1;2;;0;0;0;0;;;;;;;
Norway;Pertussis;10,209;1,201;44.0;38.0;812.0;2536.0;2476.0;2424.0;2205.0;98.0;87.0;57.0;83.0;86.0;3,565;5,546;3,893;;6,587;5,536;7,737;2,765;3,170;2,574;3,417;;;1,835;87;71;107;17;124;140;208;225;297;653;789;1,227;1,375;2,969;2,110;2,017;2,003
occupied Palestinian territory, including east Jerusalem;Pertussis;0;65;25;277;18;22;57;125;;;;;;;45;;;;;;;;;;26;2;3;35;95;;;;;;;;;;;;;;;;
Oman;Pertussis;177;142;5;4;86;106;128;276;223;120;165;309;165;88;32;38;58;75;39;36;76;149;96;54;190;205;484;694;73;108;168;233;45;26;49;25;16;5;207;765;830;2,605;2,776;2,236;1,534
Pakistan;Pertussis;193;146;168;53;29;263;0;99;0;0;0;250;60;156;109;164;169;267;313;133;97;167;233;109;160;222;103;238;201;180;411;473;276;140;24,545;1,324;62,382;47,676;53,835;55,659;38,677;51,680;50,932;58,280;42,947
Palau;Pertussis;0;0;0;;;;;0;0;0;0;0;0;0;0;0;0;0;0;0;0;;0;;0;0;0;0;0;0;0;;0;0;0;0;0;0;0;0;0;0;0;0;0
Panama;Pertussis;5;7;1;5;1;108;20;5;3;9;19;42;47;36;22;101;108;78;132;28;12;11;88;7;66;212;226;109;44;3;192;209;26;107;19;34;29;45;40;92;161;229;79;103;641
Papua New Guinea;Pertussis;3;1,840;8;10;51;462;0;0;0;0;0;3,188;6,472;4,625;4,949;2,932;;;3,051;2,692;2,050;2,123;5,002;2,099;2,280;4,773;550;2,871;1,274;2,814;2,031;2,369;2,042;775;2,084;2,380;2,452;1,560;2,487;1,757;1,337;2,656;1,422;2,884;2,693
Paraguay;Pertussis;7;6;4;5;15;26;53;44;31;32;101;81;44;11;1;1;7;8;6;13;40;48;36;65;24;29;36;40;40;13;49;272;372;118;115;291;886;251;111;363;795;361;412;459;652
Peru;Pertussis;252;132;4;35;47;414;483;611;143;119;236;1,373;1,173;56;64;254;59;47;84;127;201;68;54;24;68;2,388;2,490;989;355;872;3,123;1,013;369;470;1,134;1,714;1,553;2,344;2,796;7,226;7,145;7,164;8,238;11,973;12,134
Philippines;Pertussis;843;221;4;20;35;114;339;88;29;5;0;23;0;;62;2;46;17;41;20;10;9;8;16;23;4;0;24;;22;26;19;5,128;3,377;4,135;9,466;7,814;8,856;16,139;19,628;21,479;17,380;15,879;19,178;19,844
Poland;Pertussis;32,803;922;371.0;182.0;753.0;1629.0;1548.0;3066.0;6828.0;334.0;1123.0;907.0;950.0;936.0;1,266;2,390;;1,987;1,525;1,925;2,954;2,034;1,788;2,411;2,269;876;2,871;2,092;330;549;697;314;590;302;292;107;174;295;122;304;326;185;452;281;232
Portugal;Pertussis;935;31;8.0;3.0;33.0;83.0;60.0;115.0;563.0;68.0;399.0;169.0;178.0;284.0;14;68;69;22;22;78;38;4;2;;22;12;9;11;16;19;19;26;20;50;101;274;49;190;326;54;62;124;59;69;71
Qatar;Pertussis;169;38;1;0;0;;0;0;0;0;0;0;0;0;11;9;;11;15;7;;4;8;4;1;;0;3;2;0;1;2;2;3;18;25;50;140;134;129;201;547;20;193;219
Republic of Korea;Pertussis;48,454;292;31;21;126;499;951;110;146;205;76;36;230;97;18;42;7;14;17;10;6;5;10;9;28;;9;13;3;3;39;;;;174;168;565;808;188;479;1,854;443;700;1,622;1,554
Republic of Moldova;Pertussis;1,039;421;6;5;60;174;217;355;283;50;188;115;92;102;31;47;30;36;43;24;105;31;5;210;169;38;182;327;78;123;871;831;526;442;266;;;;;;;;;;
Romania;Pertussis;2,960;16;9.0;1.0;18.0;110.0;93.0;95.0;72.0;6863.0;2607.0;1678.0;1804.0;2325.0;29;10;51;35;33;57;231;94;90;209;493;82;97;263;927;510;732;1,551;822;2,463;817;696;1,675;4,762;1,841;1,810;5,896;4,346;6,566;7,350;11,441
Russian Federation;Pertussis;32,535;52,783;3,186;1,108;6,069;14,407;10,423;5,411;8,232;6,452;4,705;4,510;7,220;4,733;4,795;4,056;3,557;8,116;8,208;4,644;11,085;12,523;5,455;12,073;29,983;22,222;28,045;27,202;13,842;20,626;48,614;39,439;24,004;30,876;24,960;;;;;;;;;;
Rwanda;Pertussis;0;0;0;;0;0;6;0;0;0;;;0;0;0;;;;;0;0;0;0;23;0;561;;;0;;;;;110;177;94;268;1,001;1,802;1,573;2,053;5,421;11,857;16,486;16,189
Saba;Pertussis;0;;;;;;;;;;;;;;;;;;;;;;;;;;;;;;;;;;;;;;;;;;;;
Saint Kitts and Nevis;Pertussis;0;0;0;0;0;0;0;0;0;0;0;0;0;0;0;0;0;0;0;0;0;0;0;0;0;0;0;0;0;0;0;0;0;0;0;0;0;0;0;0;0;0;0;0;0
Saint Lucia;Pertussis;0;0;0;0;0;0;0;0;1;8;0;0;0;0;0;0;0;0;0;0;0;0;0;0;0;0;0;0;0;0;0;0;0;0;4;0;0;0;0;0;0;0;8;471;19
Saint Vincent and the Grenadines;Pertussis;0;;0;0;0;0;0;0;0;0;0;0;0;0;0;0;0;0;0;0;0;0;0;0;0;0;0;0;0;0;0;0;0;0;0;1;0;0;0;0;0;0;0;1;0
Samoa;Pertussis;301;0;0;;0;;326;0;;;;;0;0;22;0;53;;0;0;0;2;;;;;0;0;0;0;0;0;3;0;0;9;0;0;0;0;0;0;66;99;113
San Marino;Pertussis;14;1;0;0;0;0;0;0;13;;;;0;0;0;0;;0;0;0;0;0;;;0;0;;0;;;;3;;0;;;;;;;;;5;3;7
Sao Tome and Principe;Pertussis;;;;0;;0;0;0;0;0;0;0;0;0;0;0;0;0;0;0;0;0;0;0;0;;;0;0;;;;;135;;;1;36;96;18;468;7;53;32;0
Saudi Arabia;Pertussis;1,090;100;17;43;95;326;160;40;7;11;1;0;6;13;0;1;30;68;34;21;64;120;42;35;;11;85;80;56;33;14;45;94;41;112;117;315;246;248;1,395;1,730;1,202;1,630;3,897;9,815
Senegal;Pertussis;3;0;0;0;0;0;9;0;;0;1;;;;;0;45;50;7;;21;;0;;0;30;;0;;;509;1,518;541;375;1,041;1,523;258;;;;;16,033;22,590;18,182;22,792
Serbia;Pertussis;1,683;1,421;5;5;62;;351;285;148;89;281;39;51;25;1;5;6;3;5;4;78;14;72;7;24;40;116;218;270;446;458;467;236;1,070;1,440;1,473;1,712;4,610;2,978;3,744;4,666;5,550;5,321;4,593;6,710
Seychelles;Pertussis;0;0;0;0;0;7;0;0;0;0;0;0;0;5;2;0;0;0;0;0;0;0;0;0;;0;0;0;0;0;;;;;2;0;0;0;0;0;1;2;39;0;0
Sierra Leone;Pertussis;;;;0;;;;;;;;;;23;;;;0;;;;0;;;0;;;0;;;;;;;;;10;228;123;1,637;1,573;1,732;1,425;2,089;1,619
Singapore;Pertussis;130;;;;;;114;79;;;;17;24;29;8;13;33;38;2;2;0;1;0;1;2;1;1;0;;1;2;1;14;5;8;1;11;9;9;0;1;7;7;5;5
Sint Eustatius;Pertussis;0;;;;;;;;;;;;;;;;;;;;;;;;;;;;;;;;;;;;;;;;;;;;
Sint Maarten (Dutch part);Pertussis;;;;;;;0;0;;;;;;;;;;;;;;;;;;;;;;;;;;;;;;;;;;;;;
Slovakia;Pertussis;7,308;223;109.0;92.0;700.0;702.0;376.0;191.0;289.0;603.0;703.0;237.0;289.0;177.0;1,379;288;105;21;21;17;21;47;36;3;43;108;8;55;74;10;56;353;44;54;194;;;;;;;;;;
Slovenia;Pertussis;1,920;126;51.0;6.0;42.0;129.0;213.0;214.0;127.0;5482.0;4043.0;6077.0;11986.0;1256.0;610;442;181;706;551;75;113;180;29;77;;23;25;81;65;35;97;65;29;53;;;;;;;;;;;
Solomon Islands;Pertussis;;;2;78;;;0;;;;;0;0;0;0;0;0;35;24;191;0;0;0;61;;;32;0;10;2;51;196;616;72;27;766;0;0;0;3;0;0;0;0;2
Somalia;Pertussis;;;;;0;0;114;;;;;1,001;3,784;3,028;665;823;;1,347;;;;;;;;24;792;;;;;;;;;906;348;197;39;62;439;668;;;
South Africa;Pertussis;79;268;789;557;104;557;955;102;40;103;230;116;;181;;4;;;;;;8;5;24;8;34;39;23;14;;;;;;;;;;;;;;;;
South Sudan;Pertussis;;52;0;77;;;;0;;3;0;;;;;;;;;;;;;;;;;;;;;;;;;;;;;;;;;;
Spain;Pertussis;31,112;2,560;72.0;39.0;206.0;2585.0;2681.0;4069.0;4095.0;38289.0;38121.0;19166.0;38289.0;15424.0;739;393;563;556;378;295;;512;345;;921;417;315;1,134;3,577;3,741;5,021;6,229;11,518;8,365;10,075;33,217;14,506;26,958;55,846;60,564;35,967;36,164;50,463;;
Sri Lanka;Pertussis;51;3;0;0;1;5;12;0;54;107;38;67;61;23;2;31;9;0;0;0;45;82;16;52;194;112;135;229;33;64;5;18;6;25;271;61;25;31;157;536;274;244;296;501;542
Sudan;Pertussis;0;113;0;;73;34;;12;;;141;119;109;132;209;6;34;57;39;90;192;232;213;645;80;51;169;418;133;1,496;127;264;271;312;566;521;327;1,115;20,010;10,314;1,365;862;43,905;41,811;28,631
Suriname;Pertussis;0;0;33;0;4;1;;;0;0;13;3;1;0;0;1;0;0;0;0;0;2;0;5;0;0;0;1;2;0;0;0;0;0;0;0;0;0;0;0;0;0;12;0;0
Sweden;Pertussis;2,545;138;13.0;11.0;269.0;782.0;739.0;805.0;679.0;4.0;0.0;31.0;36.0;0.0;266;281;459;689;795;1,360;1,371;664;1,350;979;2,705;;;2,490;8,473;10,655;13,187;11,542;9,782;11,432;10,697;10,969;12,777;6,747;5,746;10,839;4,743;9,778;4,787;2,256;5,221
Switzerland;Pertussis;;;;;;;3,950;8,833;8,276;6,970;9,349;10,094;;4,700;5,900;3,700;;;;;;;;6,000;;11,000;13,000;13,000;11,500;20,000;26,000;5,000;5,000;;;;;;;;;;;;
Syrian Arab Republic;Pertussis;135;121;343;197;224;302;101;0;20;29;;35;4;90;70;19;59;140;212;;268;309;476;240;124;183;313;925;934;961;212;51;109;103;39;69;30;166;255;286;214;485;188;260;430
Tajikistan;Pertussis;665;595;74;0;13;112;0;36;6;;6;2;5;56;12;6;7;46;22;22;74;23;53;24;13;80;66;284;86;192;662;1,094;1,115;581;935;;;;;;;;;;
Thailand;Pertussis;2,477;737;10;;90;99;79;55;84;51;14;24;14;12;6;25;16;23;72;23;21;24;15;72;93;43;101;110;;117;150;395;414;295;487;1,230;1,663;1,467;1,855;2,533;4,060;4,846;3,448;2,944;4,820
Timor-Leste;Pertussis;0;0;0;0;5;7;0;1;6;5;0;0;0;4;0;0;0;0;26;0;0;0;0;;;;;;;;;;;;;;;;;;;;;;
Togo;Pertussis;0;209;;;3;55;27;;11;23;38;30;32;34;53;72;156;27;;;88;71;177;628;115;241;491;14;112;60;134;191;;362;431;576;1,132;2,149;1,408;2,440;3,687;2,628;4,253;5,314;3,901
Tokelau;Pertussis;0;;;;;0;0;;;;;;0;0;0;0;;;;0;0;0;;0;0;0;0;0;0;0;;0;0;0;0;0;0;0;0;0;0;0;0;0;22
Tonga;Pertussis;0;0;;;;;0;0;0;;;0;4;0;0;5;0;0;2;9;0;0;2;1;0;0;0;0;0;0;;0;0;0;3;1;0;0;1;2;4;50;526;0;2
Trinidad and Tobago;Pertussis;0;0;0;0;0;0;0;0;0;0;0;0;0;0;0;0;0;0;0;0;0;0;0;0;0;0;1;1;0;0;5;5;4;4;9;7;11;12;15;9;22;0;3;9;10
Tunisia;Pertussis;252;148;5;2;11;125;143;14;7;4;145;88;0;0;4;8;12;6;8;6;1;2;1;0;1;1;2;5;3;5;3;30;53;8;68;10;115;123;280;482;;;748;2,103;4,106
Turkmenistan;Pertussis;0;0;0;0;0;8;0;0;2;0;0;0;0;0;0;0;0;0;0;0;3;0;49;8;11;7;13;49;82;31;108;173;209;189;260;;;;;;;;;;
Turks and Caicos Islands;Pertussis;0;0;0;0;0;0;0;0;;;;;;;;;;;;;;0;;0;0;0;0;0;0;0;0;0;0;0;0;0;0;0;0;0;0;0;0;28;4
Tuvalu;Pertussis;;;;;;;;;;;;;0;0;0;0;0;0;0;0;0;0;0;0;;0;;0;0;0;0;0;0;0;;0;0;0;0;0;0;0;0;1;1
Türkiye;Pertussis;1,588;512;8;6;22;60;207;85;22;322;68;33;18;242;48;11;17;63;57;272;389;255;193;182;510;222;429;694;672;347;442;692;712;289;454;411;207;279;1,048;2,678;3,145;5,706;5,063;2,661;1,520
Uganda;Pertussis;;;0;382;;;;;;;;;;;;;;;;0;;;;;;0;0;;;;;;;;913;9,740;858;;;;;6,064;1,376;4,196;2,122
Ukraine;Pertussis;7,545;707;32;91;1,041;2,314;2,214;2,480;3,132;2,426;;;2,286;2,937;1,067;;1,025;2,198;2,459;1,518;2,241;778;411;2,210;2,243;1,179;1,763;2,266;1,220;1,205;3,374;6,939;3,363;3,861;4,189;;;;;;;;;;
United Arab Emirates;Pertussis;37;91;0;40;24;12;29;;;;18;;61;;79;;51;;;34;18;24;18;7;37;19;28;16;19;29;43;23;32;69;96;58;73;90;157;49;122;74;239;170;228
United Kingdom of Great Britain and Northern Ireland;Pertussis;26,277;942;79;54;1,226;4,613;3,423;5,097;7,085;5,207;4,046;6,090;11,980;1,243;518;846;1,028;1,163;478;358;169;521;1,054;1,049;866;;0;3,669;2,724;2,399;4,837;4,718;2,750;6,282;16,605;12,305;5,473;16,791;39,939;24,244;6,419;21,589;70,928;21,461;22,924
United Republic of Tanzania;Pertussis;;;;;;;;;;;;0;0;0;0;0;0;0;0;0;0;33;1;0;;;;;;;;;;45;243;9,236;630;784;2,541;2,135;839;2,016;2,125;2,604;2,788
United States of America;Pertussis;;3,044;2,115;6,126;18,617;;15,609;18,975;17,972;20,679;32,971;28,639;48,277;18,719;27,550;0;13,213;10,454;15,632;25,616;25,827;11,647;9,771;7,580;7,867;7,288;7,405;6,564;7,796;5,137;4,617;6,586;4,083;2,719;4,570;4,157;3,450;2,823;4,195;3,589;2,276;2,463;1,895;1,248;1,730
Uruguay;Pertussis;7;24;6;44;22;69;187;293;371;777;0;323;598;639;36;9;128;26;15;0;0;1;5;6;0;3;1;12;17;69;11;17;42;42;161;40;25;384;1,095;503;88;133;761;445;192
Uzbekistan;Pertussis;714;171;3;2;39;106;0;102;103;0;69;42;62;36;33;35;31;106;115;126;35;40;78;57;77;54;32;197;197;266;357;525;1,502;902;713;;;;;;;;;;
Vanuatu;Pertussis;0;1;1;0;0;0;22;;;;;;;0;0;0;0;0;0;11;;;6;;36;6;;51;6;0;0;161;161;0;3;39;66;37;138;1,881;238;29;45;27;231
Venezuela (Bolivarian Republic of);Pertussis;0;0;0;0;1;217;144;21;2;0;1;6;8;3;0;0;0;;1,183;836;715;408;372;474;555;502;609;973;443;510;808;556;507;1,389;1,389;634;465;915;3,088;4,109;1,939;3,667;4,034;4,325;3,247
Viet Nam;Pertussis;1,079;40;20;44;158;1,013;700;555;267;309;90;54;98;105;81;122;280;183;144;194;328;716;662;1,242;1,426;903;1,182;1,565;1,537;2,444;3,477;2,507;4,428;4,669;4,095;11,281;21,672;30,498;43,981;44,011;49,575;85,023;59,840;75,187;96,577
Wallis and Futuna;Pertussis;;;;;;;3;;;;;0;0;;;;;0;;;;0;;;1;0;0;0;;0;0;1;0;;;0;0;0;;;0;3;0;120;1
Yemen;Pertussis;7;2;;5,208;0;;;;;;;2,529;4,699;2,280;2,534;2,500;1,229;2,760;3,476;1,294;2,200;;;;;;;;;184;25;;1,556;;;32,336;6,358;5,005;11,205;17,506;22,581;28,527;27,702;15,081;15,332
Zambia;Pertussis;;;;;;;0;0;0;0;;0;0;0;0;681;162;34;120;185;180;391;595;953;0;1,051;;0;;;;;;;200;146;139;172;1,134;1,303;3,896;8,105;29,958;23,191;21,232
Zimbabwe;Pertussis;0;15;15;0;0;0;0;0;3;0;0;0;0;0;0;0;0;0;0;0;9;0;0;0;8;30;0;36;20;34;142;211;;595;491;728;839;2,631;1,961;2,154;1,765;1,511;2,594;2,629;6,290
Exported: 2025-11-8 7:49 UTC;;;;;;;;;;;;;;;;;;;;;;;;;;;;;;;;;;;;;;;;;;;;;;
